2r0dA02	1	10	1000	11
1tgrA00	1	10	100	10
1eakA01	1	10	101	10
1yf3A02	1	10	1020	10
5douA01	1	10	1030	10
3iqdB02	1	10	1040	10
5o5jD01	1	10	1050	10
1gteA02	1	10	1060	10
7wzwF01	1	10	1070	11
1bccF00	1	10	1090	10
1cf7B00	1	10	10	10
1l6hA00	1	10	110	10
1p2eA02	1	10	1130	10
6fkfB03	1	10	1140	10
4griA03	1	10	1160	10
3uehA00	1	10	1170	10
1znvA00	1	10	1200	20
2wvfA01	1	10	1220	10
4hehA01	1	10	1240	10
3iefA02	1	10	1270	20
3nq0A00	1	10	1280	10
4jcsA02	1	10	12	10
7eg1A01	1	10	1300	10
5fj8A06	1	10	132	30
4wi0B02	1	10	1330	10
1qhdA02	1	10	1350	10
3ju5A01	1	10	135	10
1ka2A00	1	10	1370	30
2wu8A03	1	10	1390	10
5ublA02	1	10	1400	10
1cmbA00	1	10	140	10
4at7B01	1	10	1410	40
3thxB03	1	10	1420	10
7rdbV01	1	10	1450	10
2fi1A02	1	10	150	240
1iwpG02	1	10	1510	20
3rv1B02	1	10	1520	10
1nxuA01	1	10	1530	10
1vq8W02	1	10	15	30
1jeyA04	1	10	1600	10
1j33A01	1	10	1610	10
1vq8200	1	10	1620	10
8etcR01	1	10	1650	10
3ucsA00	1	10	1660	10
4uobA01	1	10	1670	10
3pvuA02	1	10	167	10
3jamI03	1	10	168	20
4nqwA01	1	10	1740	10
4dveA00	1	10	1760	20
7ekoO01	1	10	1780	10
2qcyA03	1	10	1840	10
3kusB01	1	10	1900	10
1dk8A01	1	10	196	10
6o3bH00	1	10	2000	10
1j5sA02	1	10	2020	10
5fcyA00	1	10	2090	10
1f1eA00	1	10	20	10
6ra3A02	1	10	210	20
2ii2A04	1	10	220	10
1of9A00	1	10	225	10
4e6yA03	1	10	230	10
1hqvA00	1	10	238	10
2pidA02	1	10	240	10
2ruhA00	1	10	245	10
4k71A06	1	10	246	10
4y42A01	1	10	260	40
1bgwA03	1	10	268	10
6hqfB03	1	10	274	20
2ptrA01	1	10	275	10
4fccA01	1	10	285	10
1is8A01	1	10	286	10
3vbbE01	1	10	287	40
6ozwA04	1	10	290	10
1iweA02	1	10	300	10
1mpxA02	1	10	3020	10
2ipcA04	1	10	3060	10
1kplA00	1	10	3080	10
3aqlA02	1	10	3090	10
2hdzA00	1	10	30	10
1t3dA01	1	10	3130	10
4l1jB00	1	10	3210	10
1dqaD01	1	10	3270	10
4x2cA00	1	10	3290	10
2q37A00	1	10	3330	10
4b21A02	1	10	340	30
5hzzC00	1	10	3420	10
3hd6A00	1	10	3430	10
2o01200	1	10	3460	10
4k84A00	1	10	3520	10
2gttC01	1	10	3570	10
2iaiA02	1	10	357	10
2qtsA03	1	10	3590	10
3hhwK02	1	10	3610	10
7mqvC02	1	10	3660	10
7mc0A01	1	10	3720	10
2rcyA02	1	10	3730	10
2y4zA00	1	10	375	10
2nwlC00	1	10	3860	10
4gaaA03	1	10	390	10
1rxxA02	1	10	3930	10
5do9A02	1	10	400	10
8eefB01	1	10	405	10
2wocA00	1	10	4080	10
3v6zE00	1	10	4090	10
3u13A02	1	10	40	40
1vkaB00	1	10	418	10
4uscA02	1	10	420	10
2bidA00	1	10	437	10
2ae4A00	1	10	439	10
5b1aD00	1	10	442	10
2a3vA02	1	10	443	10
5o5jG01	1	10	455	10
2vfrA05	1	10	45	10
2o5cB02	1	10	460	10
1eysC02	1	10	468	10
7jv7B01	1	10	472	10
1w36C04	1	10	486	10
6ekzA00	1	10	489	10
2wtgA00	1	10	490	10
2qkwB02	1	10	510	10
1ub2A01	1	10	520	10
153lA00	1	10	530	10
2n80A00	1	10	533	10
2c12A01	1	10	540	10
1pbwB00	1	10	555	10
1j4zA01	1	10	560	10
6fzgA00	1	10	565	10
6x6uA02	1	10	569	10
1khoA01	1	10	575	10
2e0iD03	1	10	579	10
3o8jA01	1	10	580	10
3nf2A00	1	10	600	10
1sigA00	1	10	601	10
3j7aW01	1	10	60	20
4a5hA00	1	10	620	20
3danA00	1	10	630	10
4kvkA00	1	10	640	10
1e3dB00	1	10	645	10
1khcA02	1	10	720	50
3zgzD01	1	10	730	10
8bebC02	1	10	750	10
1chhA00	1	10	760	10
1b10A00	1	10	790	10
1phzA00	1	10	800	10
1a1vA03	1	10	820	10
4l9mA02	1	10	840	10
3gxvB00	1	10	860	10
5wkrA02	1	10	890	20
4i5sA01	1	10	8	500
1sqgA01	1	10	940	10
3cbuA02	1	20	1050	10
1t7pA02	1	20	1060	10
8hmpR01	1	20	1070	10
3kcuD00	1	20	1080	10
3rf7A02	1	20	1090	10
2zxeA02	1	20	1110	10
1epwA02	1	20	1120	10
1jb0A00	1	20	1130	10
2nrjA01	1	20	1170	10
1j2zA02	1	20	1180	10
1nogA00	1	20	1200	10
3levA00	1	20	120	1810
3cv2A02	1	20	1220	12
2wscL00	1	20	1240	10
1ekuB02	1	20	1250	10
3e2cA00	1	20	1260	10
2efkA01	1	20	1270	60
7v3gA02	1	20	1280	260
1gu9C00	1	20	1290	10
2wdqD00	1	20	1300	10
2wzkA01	1	20	1310	10
3zd7A03	1	20	1320	30
3pwxA01	1	20	1330	10
4ensA02	1	20	1370	20
2ddhA03	1	20	140	10
1efyA01	1	20	142	10
4u6rA03	1	20	1440	180
1vnsA01	1	20	144	10
4xd7C03	1	20	150	20
3zuxA00	1	20	1530	20
2irvB00	1	20	1540	10
8iprA01	1	20	1560	10
1yc9A01	1	20	1600	10
2ww3A04	1	20	1610	10
2dhhA05	1	20	1640	10
2p7nA00	1	20	1710	10
7qydA01	1	20	190	10
2felA00	1	20	200	10
6oqrR00	1	20	20	10
3ayfA01	1	20	210	10
1fgmA05	1	20	245	10
6vvoC03	1	20	272	10
2yu1A02	1	20	58	1360
2fp1B00	1	20	59	10
1nhlA00	1	20	5	110
1hbkA00	1	20	80	10
7e1wB01	1	20	810	10
1r12A01	1	20	82	10
1hbmA03	1	20	840	10
1e6dM01	1	20	85	10
4jgwA01	1	20	870	10
3g36B00	1	20	890	10
1by1A00	1	20	900	10
2wg7A00	1	20	90	10
3bjdA02	1	20	910	10
3md2A01	1	20	91	10
3u5nA02	1	20	920	10
1eo0A00	1	20	930	10
5az7A01	1	20	960	10
4ga4A01	1	20	970	10
1ja1A03	1	20	990	10
8c4aA01	1	25	10	10
4c9bB00	1	25	40	180
5dllA05	1	25	50	10
7bjtA01	1	50	10	100
5gvyA00	2	100	10	30
4k8wA00	2	10	109	10
1h8pA01	2	10	10	10
4uf0A03	2	10	110	20
3la4A03	2	10	150	10
1ppjI00	2	10	210	10
7rh5M01	2	102	10	10
1yy9A04	2	10	220	10
3n99I01	2	102	30	10
3k6sD05	2	10	25	10
2fy9A00	2	10	260	10
4aygB01	2	10	270	10
6ng3A01	2	10	50	10
2i9bG02	2	10	60	10
1bi6H00	2	10	69	10
4f4oC01	2	10	70	10
1rv0H01	2	10	77	10
5vb9A01	2	10	90	10
3lp9A00	2	110	10	10
5aycA00	2	115	10	20
1q7fB00	2	120	10	30
1u4cB00	2	130	10	10
1e2rA02	2	140	10	20
3s6lD00	2	150	10	10
3srtA00	2	160	10	10
1ogoX02	2	160	20	10
1i6vA02	2	170	120	12
3cslA01	2	170	130	10
5fqdB01	2	170	150	20
3winD00	2	170	15	20
1g9gA02	2	170	160	10
1am2A00	2	170	16	10
8bveA02	2	170	190	11
2qm4A01	2	170	210	10
2x1lB02	2	170	220	10
1li1C00	2	170	240	10
1r6zA03	2	170	260	10
5ex0A01	2	170	270	10
1c8dA00	2	170	30	10
1g9mG00	2	170	40	20
1j3bA02	2	170	8	10
3hrzB01	2	20	130	20
4k7rA02	2	20	200	10
1zlhB02	2	20	20	10
4qzvB02	2	20	210	30
1qf8B02	2	20	25	20
4tpuA02	2	20	28	10
2e45A01	2	20	70	10
2ig6A00	2	30	110	10
1fm2B03	2	30	120	10
5fqdE02	2	30	130	40
2b2cA01	2	30	140	10
2a6hC04	2	30	150	10
5mmiY00	2	30	170	40
5jm6A02	2	30	250	10
1jqvA02	2	30	26	10
2vhjA02	2	30	270	20
2zkgC00	2	30	280	10
2ej8B00	2	30	29	30
4q5wA02	2	30	30	140
4bg7A00	2	30	31	10
1p3hB00	2	30	33	40
1k8kA02	2	30	36	70
2d1sA01	2	30	38	10
9paiA02	2	30	39	10
2bb0A01	2	30	40	10
1p1eA00	2	30	42	10
3ezmA00	2	30	60	10
3va7A04	2	40	100	10
6nirC02	2	40	10	10
4kcfA02	2	40	110	10
3ia8A00	2	40	128	20
4a17J00	2	40	150	20
5ukgA01	2	40	155	10
2x27X00	2	40	160	20
4epaA00	2	40	170	20
3e4wA02	2	40	180	10
1i71A00	2	40	20	10
2sliA03	2	40	220	10
5iznA00	2	40	240	10
1e50B00	2	40	250	10
3rbjB00	2	40	260	10
2pmzB06	2	40	270	10
3gqnA03	2	40	300	10
1ep3B01	2	40	30	10
3c0tA00	2	40	320	10
1na6A01	2	40	330	10
1e0tA03	2	40	33	10
6ethA04	2	40	340	10
2yxxA01	2	40	37	10
4jmdA00	2	40	400	10
1q16A13	2	40	40	20
3oocA01	2	40	420	20
6xj6A01	2	40	440	10
4wz8B02	2	40	460	10
4cq7A00	2	40	480	10
1fouA02	2	40	500	10
3ne5B03	2	40	50	100
2obsA01	2	40	510	10
5yq8A00	2	40	70	10
2yzyA00	2	50	20	10
2ahnA00	2	60	110	10
2y69F00	2	60	11	10
1fod100	2	60	120	20
1tmxB00	2	60	130	10
1fs0E01	2	60	15	10
1sva400	2	60	175	10
3po8A00	2	60	200	20
1prrA02	2	60	20	10
4gwmB03	2	60	210	10
1hn0A04	2	60	220	10
1gmuA02	2	60	260	20
1gwyA00	2	60	270	20
1maeL00	2	60	30	10
5tkyA04	2	60	34	10
1xf1A05	2	60	40	10
3a3jA02	2	60	410	10
1h54A03	2	60	420	10
2qtsA02	2	60	470	10
3i5dA02	2	60	490	10
1zruC01	2	60	520	10
2pplA02	2	60	60	20
2qlkA00	2	60	90	10
1rerA01	2	60	98	10
1a39A00	2	70	100	10
2n1hA00	2	70	130	10
1wpeA01	2	70	150	10
4c4aA04	2	70	160	11
6dw1D00	2	70	170	10
1i7dA03	2	70	20	10
1lkfA00	2	70	240	10
2we2A01	2	70	40	10
1kshB00	2	70	50	40
3tufB00	2	70	70	10
1ulvA01	2	70	98	10
5tipA01	2	70	9	10
3rmxA02	2	80	10	50
3mezD00	2	90	10	10
5fclE01	3	100	10	20
1byfA00	3	10	100	10
2nooA02	3	10	105	10
6mihA02	3	10	10	10
2nvuC01	3	10	110	10
4b8nB00	3	10	120	10
2c2iA00	3	10	129	10
2vq8A00	3	10	130	10
6dlyA03	3	10	150	10
2vqxA01	3	10	170	10
3l20A00	3	10	180	10
1dmxA00	3	10	200	10
1vwxS01	3	10	20	10
6k0oA00	3	10	250	10
2bw0A02	3	10	25	10
3d2oA00	3	10	270	10
7qssA01	3	10	28	10
1vioA01	3	10	290	10
3devA02	3	10	310	30
1fv1B01	3	10	320	10
1cz4A02	3	10	330	10
4b8vA03	3	10	350	10
1i2dA02	3	10	400	10
3g4nA01	3	10	40	10
5a5gA03	3	10	410	10
1qynD00	3	10	420	10
7oodf01	3	10	430	100
1vq8X00	3	10	440	10
1mgrA00	3	10	450	30
4nzcA02	3	10	50	10
2o34A00	3	10	520	10
7xffF01	3	10	560	10
6n7eD01	3	10	580	10
5dnoA00	3	10	590	10
3tw6C02	3	10	600	10
5b66B02	3	10	680	10
2zgiD02	3	20	10	10
5kbpA01	3	20	110	10
1fuiA03	3	20	14	10
1at3A00	3	20	16	10
4mb7A01	3	20	190	10
2b3yA05	3	20	19	10
3lkmA02	3	20	200	10
2nqlA02	3	20	20	120
5a0zD00	3	20	70	20
6wl5A01	3	20	80	10
1e7uA04	3	30	1010	10
5ykjA02	3	30	1020	10
3bkrA00	3	30	1050	10
1ff3A00	3	30	1060	10
1cseI00	3	30	10	10
4z9eA00	3	30	110	20
3otxA02	3	30	1110	10
5dmsA02	3	30	1120	30
5f3mA00	3	30	1130	10
2xzmC02	3	30	1140	32
2iuoA02	3	30	1160	10
3jamV00	3	30	1230	20
2hf2B02	3	30	1240	10
1ufvA02	3	30	1300	10
5aj3P00	3	30	1320	10
7du3B01	3	30	1330	10
5t17A00	3	30	1340	10
1h5wB03	3	30	1350	20
2gagA02	3	30	1360	120
3v69B00	3	30	1370	10
2osoA00	3	30	1380	20
6ppfZ00	3	30	1390	20
1jg5A00	3	30	1410	10
5z3gF02	3	30	1430	10
5x8tF00	3	30	1440	10
3c7vB01	3	30	1450	10
4gf3A00	3	30	1460	10
4xk8d00	3	30	1470	10
3glkA03	3	30	1490	20
4jerA00	3	30	1500	10
3do6A02	3	30	1510	10
4akvB01	3	30	1520	10
2yimA02	3	30	1540	10
3cjsC00	3	30	1550	10
4bn4A02	3	30	1600	10
1zu1A02	3	30	160	60
6u0m601	3	30	1640	10
6yttA03	3	30	1650	10
4b2jA00	3	30	1660	10
3al9A02	3	30	1680	10
3p3gA02	3	30	1700	10
3qy2A00	3	30	170	10
1uw0A01	3	30	1740	10
1wxcB01	3	30	1880	10
3b8oA01	3	30	1890	10
4qg3A01	3	30	190	20
7xfdA01	3	30	1950	10
3kn6A01	3	30	200	20
3b7sA02	3	30	2010	30
5b66O02	3	30	2050	10
2wvxA02	3	30	2080	10
3w9iA04	3	30	2090	10
2cjlA02	3	30	20	10
3c5gB04	3	30	210	10
5i2cA01	3	30	2130	10
2vfbA01	3	30	2140	10
5hpsA01	3	30	2160	10
2qh9A00	3	30	2170	10
1mg7A02	3	30	230	10
3kiuy00	3	30	2310	20
1ohgA02	3	30	2320	10
1r3eA01	3	30	2350	10
4lcdA03	3	30	2410	10
4ppfA02	3	30	250	10
6qb8Q02	3	30	260	10
4z42A00	3	30	280	10
3af5A02	3	30	300	20
3d2fA02	3	30	30	30
1tbpA01	3	30	310	10
5omvA01	3	30	342	10
4gqaB02	3	30	360	10
5g5gC03	3	30	365	10
2cx6A00	3	30	370	10
7wdtA02	3	30	379	10
1dwnA00	3	30	380	10
2hg0A03	3	30	387	10
1bqgA01	3	30	390	10
5m88A01	3	30	40	10
4udqA02	3	30	410	40
3b0nA03	3	30	413	10
4iljA01	3	30	420	230
3n1sJ00	3	30	428	10
4lkbE00	3	30	429	10
4o95A01	3	30	43	10
5c0uA00	3	30	450	410
6sj5A01	3	30	460	10
1ffvC03	3	30	465	10
1r74B01	3	30	46	10
2pn1A03	3	30	470	20
3d7jA00	3	30	479	10
3stoA01	3	30	497	10
3snpA02	3	30	499	10
1lqvB00	3	30	500	10
1uurA04	3	30	505	10
2m9wA00	3	30	50	10
5e4bA00	3	30	530	20
2q74A01	3	30	540	10
6aefA01	3	30	559	30
2q2eB01	3	30	565	10
7dpiB01	3	30	56	10
1bo7A00	3	30	572	10
1crkA02	3	30	590	10
1vwxI02	3	30	60	300
2xi1B00	3	30	62	10
1z8fA02	3	30	63	10
1ok8A02	3	30	67	10
1t92A01	3	30	700	10
7uwrA02	3	30	70	3290
4b9kE00	3	30	710	10
4gywA04	3	30	720	150
3dvhA00	3	30	740	10
4l8kA01	3	30	750	44
1ap8A00	3	30	760	10
6ospA01	3	30	800	10
1bo1A02	3	30	810	10
8b6jb01	3	30	830	10
6zxfP01	3	30	860	10
7clgA01	3	30	870	10
1ub1A00	3	30	890	10
4trkA00	3	30	900	10
1ew4A00	3	30	920	10
2cjaA02	3	30	930	10
2qbuA02	3	30	950	10
1tkeA02	3	30	980	10
3dmeA02	3	30	9	10
6xrbA01	3	40	1000	10
6mjgA01	3	40	1010	10
1khdD02	3	40	1030	10
3vqjA00	3	40	1050	10
2ahuA01	3	40	1080	10
3gb5A00	3	40	109	10
7nnlB01	3	40	1110	10
1vq8M00	3	40	1120	10
2e9yB00	3	40	1160	10
3osnA02	3	40	1170	60
2d2rA00	3	40	1180	10
3w4sA00	3	40	1190	20
6gyzA03	3	40	120	10
1l5xA00	3	40	1210	10
3pnxA00	3	40	1260	10
3n4jA00	3	40	1280	10
2hw0A00	3	40	1310	20
3h0gE01	3	40	1340	10
4qbnA00	3	40	1350	10
2au3A03	3	40	1360	10
4v19F00	3	40	1370	10
3oeeP02	3	40	1380	10
7d27A01	3	40	1390	10
2ppwA00	3	40	1400	10
3zzmA02	3	40	140	20
3bwgA02	3	40	1410	10
3gitB03	3	40	1470	10
2x9jA00	3	40	1500	20
1wpuA00	3	40	1510	10
3hzhB00	3	40	1550	10
1u9tA01	3	40	1570	10
3g5oA01	3	40	1620	10
2ob5A00	3	40	1650	10
3b0zB00	3	40	1690	10
6gyyA00	3	40	1700	10
5f28B00	3	40	1810	10
4fajA01	3	40	190	10
7whgG02	3	40	20	10
4zi6C01	3	40	220	10
3m4rA01	3	40	225	10
1ti2A03	3	40	228	10
1hzmA00	3	40	250	10
1fuiA02	3	40	275	10
2ve5C02	3	40	309	10
2imfA00	3	40	30	10
3u3lC00	3	40	33	10
4b28A01	3	40	350	10
6u5uG02	3	40	366	10
1hkgA03	3	40	367	20
1i1iP02	3	40	390	10
4ekfA00	3	40	395	10
2k6hA01	3	40	420	10
3kgyA00	3	40	430	10
1p9bA01	3	40	440	10
1khbA01	3	40	449	10
2bvfA03	3	40	462	20
2l3fA00	3	40	470	10
4efiA00	3	40	47	10
5b46A01	3	40	50	970
3b7nA02	3	40	525	10
2lenA00	3	40	532	10
4b56B03	3	40	570	10
1vw4G00	3	40	5	10
1azoA00	3	40	600	10
1ez0B01	3	40	605	10
1yk3B00	3	40	630	30
2hoxA02	3	40	640	10
1w5dA01	3	40	710	10
1a05A00	3	40	718	10
1p49A01	3	40	720	10
4g3hC00	3	40	800	10
3hmbB00	3	40	80	10
3bczA00	3	40	830	10
2owmA00	3	40	850	10
1rozB00	3	40	910	10
4cgxA00	3	40	91	90
5exeB01	3	40	920	10
2a0jA00	3	40	930	10
2g2cA00	3	40	980	10
1hq6B00	3	50	20	10
4e5sA02	3	50	30	60
3l4gB02	3	50	40	10
1gmnB01	3	50	4	10
3dmeA01	3	50	50	60
6ms8C01	3	50	70	10
7ylvg01	3	50	7	10
4nbiB00	3	50	80	10
1p7gH02	3	55	40	20
6rwk001	3	55	50	30
2j63A00	3	60	10	10
8p4iG01	3	60	110	10
1i7qA00	3	60	120	10
3pvjB00	3	60	130	10
1sq1A00	3	60	150	10
3bv6A00	3	60	15	10
1te5A00	3	60	20	10
2yvtA00	3	60	21	10
2i0oA00	3	60	40	10
5u81A01	3	60	60	10
1b65A00	3	60	70	12
1i72A00	3	60	90	10
1aorA01	3	60	9	10
4n3pB01	3	65	10	10
1dmlA00	3	70	10	10
1vkpB00	3	75	10	10
3rgzA01	3	80	10	10
2hr7B01	3	80	20	20
3g0mA00	3	90	1010	10
1vw4L01	3	90	1030	10
1hqmD05	3	90	105	10
4aybB05	3	90	1070	20
1os6A00	3	90	10	10
1ddqC02	3	90	1100	10
6duxB02	3	90	110	10
2a6hC03	3	90	1110	10
4h7wA00	3	90	1140	10
6liuC02	3	90	1150	10
6jbzA00	3	90	1170	40
1vx7K01	3	90	1180	10
2q83A02	3	90	1200	10
4fsxA03	3	90	120	10
3g8rA02	3	90	1210	10
1d0cA03	3	90	1230	10
1e1hA00	3	90	1240	10
1vl2D02	3	90	1260	10
1vr9A01	3	90	1280	20
4do3A00	3	90	1300	10
5kshB01	3	90	1310	10
2h21B01	3	90	1410	10
3smtA02	3	90	1420	10
1n0uA03	3	90	1430	10
4u99B00	3	90	1520	10
1y1fX00	3	90	1580	10
4fvmA05	3	90	1600	10
5yh1A01	3	90	1640	30
1adeA03	3	90	170	10
4hz9A00	3	90	1720	10
2pggA01	3	90	1730	10
2ilxA00	3	90	1740	10
1f0lA01	3	90	175	10
1k90A02	3	90	1760	10
6k93A00	3	90	176	10
6ruiB08	3	90	1800	10
3pi7A01	3	90	180	10
3gxhA00	3	90	190	10
3foeA01	3	90	199	10
1ruyH02	3	90	209	20
1ti8B00	3	90	20	10
4z9cA00	3	90	210	10
1ficB01	3	90	215	10
4asiF03	3	90	226	10
6at4A03	3	90	228	20
4b28A02	3	90	230	10
1kicB00	3	90	245	10
3e48B02	3	90	25	10
1ex0B02	3	90	260	10
4v1ab01	3	90	280	10
3l0aA00	3	90	320	10
1ireA00	3	90	330	10
1mjtB01	3	90	340	10
1wqlA01	3	90	380	10
3sqgA01	3	90	390	10
1jf5A03	3	90	400	10
1xdyG00	3	90	420	10
1m7vA02	3	90	440	10
6cazA00	3	90	45	10
5oomT00	3	90	470	10
5y5sH02	3	90	50	10
3qsvC00	3	90	520	10
2vlqB00	3	90	540	10
1yp2D01	3	90	550	10
1hqiA00	3	90	56	10
1yagA04	3	90	640	10
3mdoA02	3	90	650	10
1rsgB02	3	90	660	10
3gyxA02	3	90	700	10
4bouA00	3	90	70	80
4dwaB00	3	90	730	10
1ue0A00	3	90	740	10
4fajA02	3	90	76	10
3qaeA01	3	90	770	10
2wdcA03	3	90	780	10
1nqzA00	3	90	79	10
5zdkA01	3	90	800	10
3fq3A00	3	90	80	10
1mqsA03	3	90	830	10
3lzkB00	3	90	850	10
3vf2A03	3	90	870	20
4bpuC00	3	90	920	10
2oy7A02	3	90	930	1
1qklA00	3	90	940	10
1u14A00	3	90	950	10
3memA01	3	90	960	10
1vwxm00	4	10	1060	50
1pcpA01	4	10	110	10
3dclA03	4	10	1180	10
4ersA00	4	10	1240	10
3eckA03	4	10	1270	10
2odyA00	4	10	140	10
3aahB00	4	10	160	10
3kypE01	4	10	170	10
7ddqb01	4	10	220	20
1d66A00	4	10	240	10
2pbiA03	4	10	260	10
5i50B00	4	10	280	10
2f5zK00	4	10	320	10
4wfoA03	4	10	372	10
2iujA02	4	10	375	10
1bikA00	4	10	410	10
4fb9A02	4	10	470	10
1yq9A02	4	10	480	10
1isuA00	4	10	490	10
5z62L00	4	10	49	10
5z62K00	4	10	51	10
4fmrA02	4	10	520	10
1lwuB02	4	10	530	10
1eysH01	4	10	540	10
2l4lA00	4	10	60	10
2uubR00	4	10	640	10
2m7fA00	4	10	70	10
1d4m400	4	10	80	10
5b1aM00	4	10	81	10
2vqeN00	4	10	830	10
1l1yA03	4	10	870	10
1i94M02	4	10	910	10
5b1aJ00	4	10	91	10
1v54I00	4	10	93	10
1jj2A03	4	10	950	10
5b1aG00	4	10	95	10
3u5eB01	4	10	960	10
1vq8L01	4	10	990	10
3fdfA02	6	10	140	550
3oymA04	6	10	20	110
6aqjA02	6	10	240	10
6escA05	6	10	250	3280
3nb0B03	6	10	260	10
2bx9A00	6	20	20	10
4ui7C00	6	20	320	10
4a18L02	6	20	340	10
1vx7a01	6	20	370	70
1hi8A04	6	20	410	10
2a74A06	6	20	50	160
