124
52
63
95
171
198
106
157
203
100
82
69
99
122
84
137
87
38
83
63
283
61
344
147
62
227
91
497
45
151
104
133
184
116
64
93
154
78
56
94
60
46
48
99
116
80
46
84
184
154
107
66
48
124
91
134
147
70
79
77
107
178
87
131
75
87
111
115
117
73
60
119
121
100
67
242
430
248
66
136
187
60
207
137
117
141
403
166
206
179
133
88
200
105
221
104
135
403
157
83
118
126
291
148
55
129
144
197
160
144
211
134
38
203
144
146
209
325
158
197
200
185
94
127
195
249
276
214
250
173
247
338
305
60
271
473
611
537
69
207
44
108
104
403
160
258
123
52
65
141
132
157
266
248
161
416
331
740
323
67
149
177
121
161
126
158
256
95
166
105
127
129
178
104
157
136
129
175
127
308
179
311
327
175
225
327
234
337
76
564
347
91
106
164
52
89
423
119
257
143
156
50
209
121
217
67
120
77
62
67
126
470
277
318
348
145
118
40
65
112
43
168
134
151
57
54
178
42
84
41
57
92
91
227
386
282
328
432
158
183
367
122
128
132
167
136
181
82
139
76
224
126
139
548
305
77
76
77
36
68
56
37
23
139
66
111
64
65
77
143
44
62
183
131
85
98
98
30
88
120
115
101
101
159
110
111
156
138
246
209
617
207
83
100
91
130
188
223
124
99
201
171
99
89
140
257
150
76
156
66
173
132
70
200
130
163
222
93
210
287
88
331
98
85
164
122
71
175
124
116
97
92
74
178
274
130
110
183
126
401
94
175
161
208
141
292
147
141
158
272
188
184
112
90
123
226
85
155
90
147
128
125
155
148
237
71
104
102
244
188
58
115
92
81
49
188
89
90
136
76
82
97
97
241
87
168
165
84
173
146
278
251
217
126
235
90
220
710
149
158
62
119
210
63
85
63
97
118
136
68
87
105
98
117
137
85
45
392
112
152
58
83
121
175
74
123
140
59
181
113
118
89
68
108
56
101
160
63
54
172
105
96
62
213
121
77
65
97
36
159
96
61
65
140
172
74
172
157
94
106
221
117
61
105
99
71
76
94
151
239
93
88
131
127
85
138
55
180
125
161
119
118
91
208
108
114
73
118
132
221
242
173
132
63
176
129
252
221
68
316
279
40
100
63
84
99
76
86
114
85
87
213
164
159
205
120
190
125
242
106
315
96
102
153
139
121
223
214
269
185
116
194
312
62
215
273
84
270
150
161
115
134
93
124
250
179
91
203
121
156
145
212
147
149
158
42
145
84
150
73
166
92
169
195
292
154
165
193
203
229
199
308
270
151
191
169
210
162
223
210
161
349
190
228
231
311
55
212
312
193
210
244
357
381
310
156
285
328
321
160
204
146
150
228
165
207
29
213
157
148
151
122
73
333
312
517
276
281
353
253
256
287
259
363
251
211
209
267
356
684
236
138
135
75
88
71
341
256
180
187
116
141
148
226
172
80
89
235
218
63
543
101
255
161
107
186
271
171
282
166
118
343
219
187
159
239
142
193
151
273
232
166
223
160
394
251
238
314
100
318
187
253
201
129
310
103
55
261
101
169
159
140
124
134
288
90
86
214
299
131
141
156
181
124
260
200
171
102
174
120
329
205
367
139
127
167
136
52
66
39
96
72
44
57
45
48
57
54
96
43
89
99
110
102
85
62
47
49
84
99
97
45
73
71
61
43
60
66
30
58
72
78
83
91
50
54
46
146
59
84
53
47
71
37
56
64
